2025-04-19 21:28:25.173262051  [INFO] Preparing Frigate...
2025-04-19 21:28:25.249359541  [INFO] Starting Frigate...
2025-04-19 21:28:27.063037075  [2025-04-19 15:28:27] frigate.util.config            INFO    : Checking if frigate config needs migration...
2025-04-19 21:28:27.085233400  [2025-04-19 15:28:27] frigate.util.config            INFO    : frigate config does not need migration...
2025-04-19 21:28:27.274393659  [2025-04-19 15:28:27] frigate.util.services          INFO    : Automatically detected vaapi hwaccel for video decoding
2025-04-19 21:28:27.292467087  [2025-04-19 15:28:27] frigate.app                    INFO    : Starting Frigate (0.15.0-6cb5cfb)
2025-04-19 21:28:27.293351234  [2025-04-19 15:28:27] frigate.app                    INFO    : Creating directory: /tmp/cache
2025-04-19 21:28:27.299036485  [2025-04-19 15:28:27] peewee_migrate.logs            INFO    : Starting migrations
2025-04-19 21:28:27.299633956  [2025-04-19 15:28:27] peewee_migrate.logs            INFO    : There is nothing to migrate
2025-04-19 21:28:27.790872917  [2025-04-19 15:28:27] frigate.app                    INFO    : Recording process started: 557
2025-04-19 21:28:27.790986078  [2025-04-19 15:28:27] frigate.app                    INFO    : Review process started: 558
2025-04-19 21:28:27.792575295  [2025-04-19 15:28:27] frigate.app                    INFO    : go2rtc process pid: 98
2025-04-19 21:28:27.800476107  [2025-04-19 15:28:27] detector.ov_0                  INFO    : Starting detection process: 573
2025-04-19 21:28:27.804176398  [2025-04-19 15:28:27] detector.ov_1                  INFO    : Starting detection process: 575
2025-04-19 21:28:27.809009584  [2025-04-19 15:28:27] detector.ov_2                  INFO    : Starting detection process: 577
2025-04-19 21:28:27.812448290  [2025-04-19 15:28:27] detector.ov_4                  INFO    : Starting detection process: 579
2025-04-19 21:28:27.824686310  [2025-04-19 15:28:27] frigate.app                    INFO    : Output process started: 595
2025-04-19 21:28:27.824693460  [2025-04-19 15:28:27] frigate.ptz.autotrack          DEBUG   : north_ptz: Autotracker init
2025-04-19 21:28:27.990938332  [2025-04-19 15:28:27] frigate.ptz.onvif              DEBUG   : Onvif media xaddr for north_ptz: http://192.168.50.63/onvif/services
2025-04-19 21:28:27.990942183  [2025-04-19 15:28:27] frigate.ptz.onvif              DEBUG   : Onvif capabilities for north_ptz: ('http://192.168.50.63/onvif/services', '/usr/local/lib/python3.9/site-packages/wsdl/ptz.wsdl', '{http://www.onvif.org/ver20/ptz/wsdl}PTZBinding')
2025-04-19 21:28:28.041965757  [2025-04-19 15:28:28] frigate.ptz.onvif              DEBUG   : Onvif profiles for north_ptz: [{
2025-04-19 21:28:28.041968039      'Name': 'profile_1 h264',
2025-04-19 21:28:28.041968661      'VideoSourceConfiguration': {
2025-04-19 21:28:28.041969222          'Name': 'user0',
2025-04-19 21:28:28.041969724          'UseCount': 3,
2025-04-19 21:28:28.041970194          'SourceToken': '0',
2025-04-19 21:28:28.041970679          'Bounds': {
2025-04-19 21:28:28.041971164              'x': 0,
2025-04-19 21:28:28.041972539              'y': 0,
2025-04-19 21:28:28.041973052              'width': 1920,
2025-04-19 21:28:28.041982154              'height': 1080
2025-04-19 21:28:28.041982585          },
2025-04-19 21:28:28.041983182          '_value_1': [
2025-04-19 21:28:28.041983759              <Element {http://www.onvif.org/ver10/schema}Extension at 0x7feada6a1380>
2025-04-19 21:28:28.041992675          ],
2025-04-19 21:28:28.041993254          'Extension': None,
2025-04-19 21:28:28.041993722          'token': '0',
2025-04-19 21:28:28.041994312          '_attr_1': {
2025-04-19 21:28:28.041994794      }
2025-04-19 21:28:28.041995306      },
2025-04-19 21:28:28.041995805      'AudioSourceConfiguration': None,
2025-04-19 21:28:28.042000474      'VideoEncoderConfiguration': {
2025-04-19 21:28:28.042001031          'Name': 'default_1 h264',
2025-04-19 21:28:28.042001554          'UseCount': 1,
2025-04-19 21:28:28.042002072          'Encoding': 'H264',
2025-04-19 21:28:28.042002534          'Resolution': {
2025-04-19 21:28:28.042003029              'Width': 1920,
2025-04-19 21:28:28.042003498              'Height': 1080
2025-04-19 21:28:28.042003959          },
2025-04-19 21:28:28.042004449          'Quality': 70.0,
2025-04-19 21:28:28.042004908          'RateControl': {
2025-04-19 21:28:28.042005373              'FrameRateLimit': 30,
2025-04-19 21:28:28.042010092              'EncodingInterval': 1,
2025-04-19 21:28:28.042010636              'BitrateLimit': 2147483647
2025-04-19 21:28:28.042011121          },
2025-04-19 21:28:28.042011602          'MPEG4': None,
2025-04-19 21:28:28.042012050          'H264': {
2025-04-19 21:28:28.042012581              'GovLength': 32,
2025-04-19 21:28:28.042013060              'H264Profile': 'Main'
2025-04-19 21:28:28.042013528          },
2025-04-19 21:28:28.042014006          'Multicast': {
2025-04-19 21:28:28.042014487              'Address': {
2025-04-19 21:28:28.042014969                  'Type': 'IPv4',
2025-04-19 21:28:28.042020647                  'IPv4Address': '0.0.0.0',
2025-04-19 21:28:28.042021149                  'IPv6Address': None
2025-04-19 21:28:28.042021629              },
2025-04-19 21:28:28.042022132              'Port': 0,
2025-04-19 21:28:28.042022601              'TTL': 5,
2025-04-19 21:28:28.042023096              'AutoStart': False,
2025-04-19 21:28:28.042023651              '_value_1': None,
2025-04-19 21:28:28.042024122              '_attr_1': None
2025-04-19 21:28:28.042024561          },
2025-04-19 21:28:28.042025086          'SessionTimeout': datetime.timedelta(seconds=60),
2025-04-19 21:28:28.042025496          '_value_1': None,
2025-04-19 21:28:28.042025932          'token': 'default_1_h264',
2025-04-19 21:28:28.042026418          '_attr_1': {
2025-04-19 21:28:28.042026904      }
2025-04-19 21:28:28.042027318      },
2025-04-19 21:28:28.042027816      'AudioEncoderConfiguration': None,
2025-04-19 21:28:28.042028287      'VideoAnalyticsConfiguration': None,
2025-04-19 21:28:28.042028720      'PTZConfiguration': {
2025-04-19 21:28:28.042029137          'Name': 'user0',
2025-04-19 21:28:28.042029600          'UseCount': 3,
2025-04-19 21:28:28.042035396          'NodeToken': '1',
2025-04-19 21:28:28.042036018          'DefaultAbsolutePantTiltPositionSpace': 'http://www.onvif.org/ver10/tptz/PanTiltSpaces/PositionGenericSpace',
2025-04-19 21:28:28.042036589          'DefaultAbsoluteZoomPositionSpace': 'http://www.onvif.org/ver10/tptz/ZoomSpaces/PositionGenericSpace',
2025-04-19 21:28:28.042037162          'DefaultRelativePanTiltTranslationSpace': 'http://www.onvif.org/ver10/tptz/PanTiltSpaces/TranslationGenericSpace',
2025-04-19 21:28:28.042037814          'DefaultRelativeZoomTranslationSpace': 'http://www.onvif.org/ver10/tptz/ZoomSpaces/TranslationGenericSpace',
2025-04-19 21:28:28.042038385          'DefaultContinuousPanTiltVelocitySpace': 'http://www.onvif.org/ver10/tptz/PanTiltSpaces/VelocityGenericSpace',
2025-04-19 21:28:28.042038990          'DefaultContinuousZoomVelocitySpace': 'http://www.onvif.org/ver10/tptz/ZoomSpaces/VelocityGenericSpace',
2025-04-19 21:28:28.042039463          'DefaultPTZSpeed': {
2025-04-19 21:28:28.042039892              'PanTilt': {
2025-04-19 21:28:28.042041224                  'x': 1.0,
2025-04-19 21:28:28.042041720                  'y': 1.0,
2025-04-19 21:28:28.042042341                  'space': 'http://www.onvif.org/ver10/tptz/PanTiltSpaces/GenericSpeedSpace'
2025-04-19 21:28:28.042042807              },
2025-04-19 21:28:28.042043283              'Zoom': {
2025-04-19 21:28:28.042043811                  'x': 1.0,
2025-04-19 21:28:28.042044413                  'space': 'http://www.onvif.org/ver10/tptz/ZoomSpaces/ZoomGenericSpeedSpace'
2025-04-19 21:28:28.042044876              }
2025-04-19 21:28:28.042045327          },
2025-04-19 21:28:28.042053017          'DefaultPTZTimeout': datetime.timedelta(seconds=2147),
2025-04-19 21:28:28.042053487          'PanTiltLimits': {
2025-04-19 21:28:28.042053997              'Range': {
2025-04-19 21:28:28.042054554                  'URI': 'http://www.onvif.org/ver10/tptz/PanTiltSpaces/PositionGenericSpace',
2025-04-19 21:28:28.042055059                  'XRange': {
2025-04-19 21:28:28.042055504                      'Min': -1.0,
2025-04-19 21:28:28.042055979                      'Max': 1.0
2025-04-19 21:28:28.042056444                  },
2025-04-19 21:28:28.042056895                  'YRange': {
2025-04-19 21:28:28.042057366                      'Min': -1.0,
2025-04-19 21:28:28.042057896                      'Max': 1.0
2025-04-19 21:28:28.042058334                  }
2025-04-19 21:28:28.042058786              }
2025-04-19 21:28:28.042059225          },
2025-04-19 21:28:28.042059710          'ZoomLimits': {
2025-04-19 21:28:28.042060176              'Range': {
2025-04-19 21:28:28.042060704                  'URI': 'http://www.onvif.org/ver10/tptz/ZoomSpaces/PositionGenericSpace',
2025-04-19 21:28:28.042061142                  'XRange': {
2025-04-19 21:28:28.042061613                      'Min': 0.0,
2025-04-19 21:28:28.042062095                      'Max': 0.499949992
2025-04-19 21:28:28.042062542                  }
2025-04-19 21:28:28.042062998              }
2025-04-19 21:28:28.042063458          },
2025-04-19 21:28:28.042063888          'Extension': None,
2025-04-19 21:28:28.042064364          'token': '0',
2025-04-19 21:28:28.042064822          '_attr_1': {
2025-04-19 21:28:28.042065258      }
2025-04-19 21:28:28.042065735      },
2025-04-19 21:28:28.042066223      'MetadataConfiguration': None,
2025-04-19 21:28:28.042066637      'Extension': None,
2025-04-19 21:28:28.042067136      'token': 'profile_1_h264',
2025-04-19 21:28:28.042067539      'fixed': True,
2025-04-19 21:28:28.042067992      '_attr_1': {
2025-04-19 21:28:28.042068407  }
2025-04-19 21:28:28.042068861  }, {
2025-04-19 21:28:28.042069341      'Name': 'profile_1 jpeg',
2025-04-19 21:28:28.042069805      'VideoSourceConfiguration': {
2025-04-19 21:28:28.042070264          'Name': 'user0',
2025-04-19 21:28:28.042070714          'UseCount': 3,
2025-04-19 21:28:28.042071184          'SourceToken': '0',
2025-04-19 21:28:28.042071629          'Bounds': {
2025-04-19 21:28:28.042079500              'x': 0,
2025-04-19 21:28:28.042079984              'y': 0,
2025-04-19 21:28:28.042080474              'width': 1920,
2025-04-19 21:28:28.042080960              'height': 1080
2025-04-19 21:28:28.042081412          },
2025-04-19 21:28:28.042081848          '_value_1': [
2025-04-19 21:28:28.042082396              <Element {http://www.onvif.org/ver10/schema}Extension at 0x7feada6aa880>
2025-04-19 21:28:28.042082819          ],
2025-04-19 21:28:28.042083322          'Extension': None,
2025-04-19 21:28:28.042083798          'token': '0',
2025-04-19 21:28:28.042084235          '_attr_1': {
2025-04-19 21:28:28.042084671      }
2025-04-19 21:28:28.042085128      },
2025-04-19 21:28:28.042085635      'AudioSourceConfiguration': None,
2025-04-19 21:28:28.042086113      'VideoEncoderConfiguration': {
2025-04-19 21:28:28.042086547          'Name': 'default_1 jpeg',
2025-04-19 21:28:28.042086996          'UseCount': 1,
2025-04-19 21:28:28.042087481          'Encoding': 'JPEG',
2025-04-19 21:28:28.042096313          'Resolution': {
2025-04-19 21:28:28.042096836              'Width': 1920,
2025-04-19 21:28:28.042097302              'Height': 1080
2025-04-19 21:28:28.042097765          },
2025-04-19 21:28:28.042098191          'Quality': 70.0,
2025-04-19 21:28:28.042098667          'RateControl': {
2025-04-19 21:28:28.042099146              'FrameRateLimit': 30,
2025-04-19 21:28:28.042099617              'EncodingInterval': 1,
2025-04-19 21:28:28.042100109              'BitrateLimit': 2147483647
2025-04-19 21:28:28.042100560          },
2025-04-19 21:28:28.042101020          'MPEG4': None,
2025-04-19 21:28:28.042101473          'H264': None,
2025-04-19 21:28:28.042101939          'Multicast': {
2025-04-19 21:28:28.042102362              'Address': {
2025-04-19 21:28:28.042102853                  'Type': 'IPv4',
2025-04-19 21:28:28.042103332                  'IPv4Address': '0.0.0.0',
2025-04-19 21:28:28.042103828                  'IPv6Address': None
2025-04-19 21:28:28.042104256              },
2025-04-19 21:28:28.042104714              'Port': 0,
2025-04-19 21:28:28.042105185              'TTL': 5,
2025-04-19 21:28:28.042113050              'AutoStart': False,
2025-04-19 21:28:28.042113565              '_value_1': None,
2025-04-19 21:28:28.042114022              '_attr_1': None
2025-04-19 21:28:28.042114478          },
2025-04-19 21:28:28.042114971          'SessionTimeout': datetime.timedelta(seconds=60),
2025-04-19 21:28:28.042115443          '_value_1': None,
2025-04-19 21:28:28.042115921          'token': 'default_1_jpeg',
2025-04-19 21:28:28.042116373          '_attr_1': {
2025-04-19 21:28:28.042116810      }
2025-04-19 21:28:28.042117276      },
2025-04-19 21:28:28.042117748      'AudioEncoderConfiguration': None,
2025-04-19 21:28:28.042118226      'VideoAnalyticsConfiguration': None,
2025-04-19 21:28:28.042118702      'PTZConfiguration': {
2025-04-19 21:28:28.042119228          'Name': 'user0',
2025-04-19 21:28:28.042119700          'UseCount': 3,
2025-04-19 21:28:28.042120161          'NodeToken': '1',
2025-04-19 21:28:28.042120746          'DefaultAbsolutePantTiltPositionSpace': 'http://www.onvif.org/ver10/tptz/PanTiltSpaces/PositionGenericSpace',
2025-04-19 21:28:28.042121317          'DefaultAbsoluteZoomPositionSpace': 'http://www.onvif.org/ver10/tptz/ZoomSpaces/PositionGenericSpace',
2025-04-19 21:28:28.042121863          'DefaultRelativePanTiltTranslationSpace': 'http://www.onvif.org/ver10/tptz/PanTiltSpaces/TranslationGenericSpace',
2025-04-19 21:28:28.042131814          'DefaultRelativeZoomTranslationSpace': 'http://www.onvif.org/ver10/tptz/ZoomSpaces/TranslationGenericSpace',
2025-04-19 21:28:28.042132383          'DefaultContinuousPanTiltVelocitySpace': 'http://www.onvif.org/ver10/tptz/PanTiltSpaces/VelocityGenericSpace',
2025-04-19 21:28:28.042132961          'DefaultContinuousZoomVelocitySpace': 'http://www.onvif.org/ver10/tptz/ZoomSpaces/VelocityGenericSpace',
2025-04-19 21:28:28.042133438          'DefaultPTZSpeed': {
2025-04-19 21:28:28.042133910              'PanTilt': {
2025-04-19 21:28:28.042134411                  'x': 1.0,
2025-04-19 21:28:28.042134894                  'y': 1.0,
2025-04-19 21:28:28.042135484                  'space': 'http://www.onvif.org/ver10/tptz/PanTiltSpaces/GenericSpeedSpace'
2025-04-19 21:28:28.042135917              },
2025-04-19 21:28:28.042136373              'Zoom': {
2025-04-19 21:28:28.042136818                  'x': 1.0,
2025-04-19 21:28:28.042137396                  'space': 'http://www.onvif.org/ver10/tptz/ZoomSpaces/ZoomGenericSpeedSpace'
2025-04-19 21:28:28.042137854              }
2025-04-19 21:28:28.042138347          },
2025-04-19 21:28:28.042138854          'DefaultPTZTimeout': datetime.timedelta(seconds=2147),
2025-04-19 21:28:28.042139289          'PanTiltLimits': {
2025-04-19 21:28:28.042139733              'Range': {
2025-04-19 21:28:28.042140249                  'URI': 'http://www.onvif.org/ver10/tptz/PanTiltSpaces/PositionGenericSpace',
2025-04-19 21:28:28.042140782                  'XRange': {
2025-04-19 21:28:28.042141273                      'Min': -1.0,
2025-04-19 21:28:28.042141756                      'Max': 1.0
2025-04-19 21:28:28.042142212                  },
2025-04-19 21:28:28.042142676                  'YRange': {
2025-04-19 21:28:28.042143138                      'Min': -1.0,
2025-04-19 21:28:28.042143577                      'Max': 1.0
2025-04-19 21:28:28.042144004                  }
2025-04-19 21:28:28.042144464              }
2025-04-19 21:28:28.042144884          },
2025-04-19 21:28:28.042145342          'ZoomLimits': {
2025-04-19 21:28:28.042145803              'Range': {
2025-04-19 21:28:28.042146338                  'URI': 'http://www.onvif.org/ver10/tptz/ZoomSpaces/PositionGenericSpace',
2025-04-19 21:28:28.042146807                  'XRange': {
2025-04-19 21:28:28.042147296                      'Min': 0.0,
2025-04-19 21:28:28.042147773                      'Max': 0.499949992
2025-04-19 21:28:28.042148231                  }
2025-04-19 21:28:28.042148687              }
2025-04-19 21:28:28.042149142          },
2025-04-19 21:28:28.042149619          'Extension': None,
2025-04-19 21:28:28.042150085          'token': '0',
2025-04-19 21:28:28.042150527          '_attr_1': {
2025-04-19 21:28:28.042150993      }
2025-04-19 21:28:28.042151439      },
2025-04-19 21:28:28.042151955      'MetadataConfiguration': None,
2025-04-19 21:28:28.042152420      'Extension': None,
2025-04-19 21:28:28.042152884      'token': 'profile_1_jpeg',
2025-04-19 21:28:28.042153333      'fixed': True,
2025-04-19 21:28:28.042153737      '_attr_1': {
2025-04-19 21:28:28.042164168  }
2025-04-19 21:28:28.042164657  }]
2025-04-19 21:28:28.042165288  [2025-04-19 15:28:28] frigate.ptz.onvif              DEBUG   : Selected Onvif profile for north_ptz: {
2025-04-19 21:28:28.042165779      'Name': 'profile_1 h264',
2025-04-19 21:28:28.042166256      'VideoSourceConfiguration': {
2025-04-19 21:28:28.042166672          'Name': 'user0',
2025-04-19 21:28:28.042167123          'UseCount': 3,
2025-04-19 21:28:28.042167598          'SourceToken': '0',
2025-04-19 21:28:28.042168022          'Bounds': {
2025-04-19 21:28:28.042168481              'x': 0,
2025-04-19 21:28:28.042168930              'y': 0,
2025-04-19 21:28:28.042169360              'width': 1920,
2025-04-19 21:28:28.042169823              'height': 1080
2025-04-19 21:28:28.042170278          },
2025-04-19 21:28:28.042170699          '_value_1': [
2025-04-19 21:28:28.042171234              <Element {http://www.onvif.org/ver10/schema}Extension at 0x7feada6a1380>
2025-04-19 21:28:28.042171671          ],
2025-04-19 21:28:28.042172142          'Extension': None,
2025-04-19 21:28:28.042172594          'token': '0',
2025-04-19 21:28:28.042173032          '_attr_1': {
2025-04-19 21:28:28.042173470      }
2025-04-19 21:28:28.042173880      },
2025-04-19 21:28:28.042174367      'AudioSourceConfiguration': None,
2025-04-19 21:28:28.042174855      'VideoEncoderConfiguration': {
2025-04-19 21:28:28.042175271          'Name': 'default_1 h264',
2025-04-19 21:28:28.042175716          'UseCount': 1,
2025-04-19 21:28:28.042176172          'Encoding': 'H264',
2025-04-19 21:28:28.042176585          'Resolution': {
2025-04-19 21:28:28.042177049              'Width': 1920,
2025-04-19 21:28:28.042177504              'Height': 1080
2025-04-19 21:28:28.042177941          },
2025-04-19 21:28:28.042189366          'Quality': 70.0,
2025-04-19 21:28:28.042189863          'RateControl': {
2025-04-19 21:28:28.042190354              'FrameRateLimit': 30,
2025-04-19 21:28:28.042190817              'EncodingInterval': 1,
2025-04-19 21:28:28.042191273              'BitrateLimit': 2147483647
2025-04-19 21:28:28.042191715          },
2025-04-19 21:28:28.042192140          'MPEG4': None,
2025-04-19 21:28:28.042192586          'H264': {
2025-04-19 21:28:28.042193026              'GovLength': 32,
2025-04-19 21:28:28.042193547              'H264Profile': 'Main'
2025-04-19 21:28:28.042194010          },
2025-04-19 21:28:28.042194449          'Multicast': {
2025-04-19 21:28:28.042194876              'Address': {
2025-04-19 21:28:28.042195338                  'Type': 'IPv4',
2025-04-19 21:28:28.042195823                  'IPv4Address': '0.0.0.0',
2025-04-19 21:28:28.042196303                  'IPv6Address': None
2025-04-19 21:28:28.042196744              },
2025-04-19 21:28:28.042197237              'Port': 0,
2025-04-19 21:28:28.042197671              'TTL': 5,
2025-04-19 21:28:28.042198132              'AutoStart': False,
2025-04-19 21:28:28.042198617              '_value_1': None,
2025-04-19 21:28:28.042199077              '_attr_1': None
2025-04-19 21:28:28.042199506          },
2025-04-19 21:28:28.042200024          'SessionTimeout': datetime.timedelta(seconds=60),
2025-04-19 21:28:28.042200493          '_value_1': None,
2025-04-19 21:28:28.042200969          'token': 'default_1_h264',
2025-04-19 21:28:28.042201436          '_attr_1': {
2025-04-19 21:28:28.042201846      }
2025-04-19 21:28:28.042202321      },
2025-04-19 21:28:28.042202796      'AudioEncoderConfiguration': None,
2025-04-19 21:28:28.042203284      'VideoAnalyticsConfiguration': None,
2025-04-19 21:28:28.042203731      'PTZConfiguration': {
2025-04-19 21:28:28.042204195          'Name': 'user0',
2025-04-19 21:28:28.042204653          'UseCount': 3,
2025-04-19 21:28:28.042205112          'NodeToken': '1',
2025-04-19 21:28:28.042205696          'DefaultAbsolutePantTiltPositionSpace': 'http://www.onvif.org/ver10/tptz/PanTiltSpaces/PositionGenericSpace',
2025-04-19 21:28:28.042206255          'DefaultAbsoluteZoomPositionSpace': 'http://www.onvif.org/ver10/tptz/ZoomSpaces/PositionGenericSpace',
2025-04-19 21:28:28.042206844          'DefaultRelativePanTiltTranslationSpace': 'http://www.onvif.org/ver10/tptz/PanTiltSpaces/TranslationGenericSpace',
2025-04-19 21:28:28.042207383          'DefaultRelativeZoomTranslationSpace': 'http://www.onvif.org/ver10/tptz/ZoomSpaces/TranslationGenericSpace',
2025-04-19 21:28:28.042207963          'DefaultContinuousPanTiltVelocitySpace': 'http://www.onvif.org/ver10/tptz/PanTiltSpaces/VelocityGenericSpace',
2025-04-19 21:28:28.042208512          'DefaultContinuousZoomVelocitySpace': 'http://www.onvif.org/ver10/tptz/ZoomSpaces/VelocityGenericSpace',
2025-04-19 21:28:28.042208990          'DefaultPTZSpeed': {
2025-04-19 21:28:28.042209461              'PanTilt': {
2025-04-19 21:28:28.042209890                  'x': 1.0,
2025-04-19 21:28:28.042210305                  'y': 1.0,
2025-04-19 21:28:28.042210811                  'space': 'http://www.onvif.org/ver10/tptz/PanTiltSpaces/GenericSpeedSpace'
2025-04-19 21:28:28.042211261              },
2025-04-19 21:28:28.042211716              'Zoom': {
2025-04-19 21:28:28.042212182                  'x': 1.0,
2025-04-19 21:28:28.042212749                  'space': 'http://www.onvif.org/ver10/tptz/ZoomSpaces/ZoomGenericSpeedSpace'
2025-04-19 21:28:28.042213175              }
2025-04-19 21:28:28.042213650          },
2025-04-19 21:28:28.042214117          'DefaultPTZTimeout': datetime.timedelta(seconds=2147),
2025-04-19 21:28:28.042214583          'PanTiltLimits': {
2025-04-19 21:28:28.042214998              'Range': {
2025-04-19 21:28:28.042215547                  'URI': 'http://www.onvif.org/ver10/tptz/PanTiltSpaces/PositionGenericSpace',
2025-04-19 21:28:28.042215975                  'XRange': {
2025-04-19 21:28:28.042216453                      'Min': -1.0,
2025-04-19 21:28:28.042216928                      'Max': 1.0
2025-04-19 21:28:28.042217391                  },
2025-04-19 21:28:28.042217859                  'YRange': {
2025-04-19 21:28:28.042218335                      'Min': -1.0,
2025-04-19 21:28:28.042218802                      'Max': 1.0
2025-04-19 21:28:28.042219258                  }
2025-04-19 21:28:28.042219672              }
2025-04-19 21:28:28.042220105          },
2025-04-19 21:28:28.042220581          'ZoomLimits': {
2025-04-19 21:28:28.042221018              'Range': {
2025-04-19 21:28:28.042221554                  'URI': 'http://www.onvif.org/ver10/tptz/ZoomSpaces/PositionGenericSpace',
2025-04-19 21:28:28.042222036                  'XRange': {
2025-04-19 21:28:28.042222499                      'Min': 0.0,
2025-04-19 21:28:28.042222966                      'Max': 0.499949992
2025-04-19 21:28:28.042223386                  }
2025-04-19 21:28:28.042223847              }
2025-04-19 21:28:28.042224291          },
2025-04-19 21:28:28.042224768          'Extension': None,
2025-04-19 21:28:28.042225231          'token': '0',
2025-04-19 21:28:28.042225659          '_attr_1': {
2025-04-19 21:28:28.042226098      }
2025-04-19 21:28:28.042226532      },
2025-04-19 21:28:28.042226998      'MetadataConfiguration': None,
2025-04-19 21:28:28.042227464      'Extension': None,
2025-04-19 21:28:28.042227938      'token': 'profile_1_h264',
2025-04-19 21:28:28.042228387      'fixed': True,
2025-04-19 21:28:28.042228834      '_attr_1': {
2025-04-19 21:28:28.042229261  }
2025-04-19 21:28:28.042229706  }
2025-04-19 21:28:28.042230305  [2025-04-19 15:28:28] frigate.ptz.onvif              DEBUG   : Onvif ptz config for media profile in north_ptz: {
2025-04-19 21:28:28.042230782      'Name': 'user0',
2025-04-19 21:28:28.042231209      'UseCount': 3,
2025-04-19 21:28:28.042231678      'NodeToken': '1',
2025-04-19 21:28:28.042232237      'DefaultAbsolutePantTiltPositionSpace': 'http://www.onvif.org/ver10/tptz/PanTiltSpaces/PositionGenericSpace',
2025-04-19 21:28:28.042232795      'DefaultAbsoluteZoomPositionSpace': 'http://www.onvif.org/ver10/tptz/ZoomSpaces/PositionGenericSpace',
2025-04-19 21:28:28.042233375      'DefaultRelativePanTiltTranslationSpace': 'http://www.onvif.org/ver10/tptz/PanTiltSpaces/TranslationGenericSpace',
2025-04-19 21:28:28.042233937      'DefaultRelativeZoomTranslationSpace': 'http://www.onvif.org/ver10/tptz/ZoomSpaces/TranslationGenericSpace',
2025-04-19 21:28:28.042234503      'DefaultContinuousPanTiltVelocitySpace': 'http://www.onvif.org/ver10/tptz/PanTiltSpaces/VelocityGenericSpace',
2025-04-19 21:28:28.042235064      'DefaultContinuousZoomVelocitySpace': 'http://www.onvif.org/ver10/tptz/ZoomSpaces/VelocityGenericSpace',
2025-04-19 21:28:28.042235525      'DefaultPTZSpeed': {
2025-04-19 21:28:28.042235947          'PanTilt': {
2025-04-19 21:28:28.042236370              'x': 1.0,
2025-04-19 21:28:28.042236831              'y': 1.0,
2025-04-19 21:28:28.042237365              'space': 'http://www.onvif.org/ver10/tptz/PanTiltSpaces/GenericSpeedSpace'
2025-04-19 21:28:28.042237804          },
2025-04-19 21:28:28.042238265          'Zoom': {
2025-04-19 21:28:28.042238727              'x': 1.0,
2025-04-19 21:28:28.042239220              'space': 'http://www.onvif.org/ver10/tptz/ZoomSpaces/ZoomGenericSpeedSpace'
2025-04-19 21:28:28.042239664          }
2025-04-19 21:28:28.042240120      },
2025-04-19 21:28:28.042240642      'DefaultPTZTimeout': datetime.timedelta(seconds=2147),
2025-04-19 21:28:28.042241102      'PanTiltLimits': {
2025-04-19 21:28:28.042241557          'Range': {
2025-04-19 21:28:28.042242069              'URI': 'http://www.onvif.org/ver10/tptz/PanTiltSpaces/PositionGenericSpace',
2025-04-19 21:28:28.042242531              'XRange': {
2025-04-19 21:28:28.042243000                  'Min': -1.0,
2025-04-19 21:28:28.042243480                  'Max': 1.0
2025-04-19 21:28:28.042243891              },
2025-04-19 21:28:28.042244351              'YRange': {
2025-04-19 21:28:28.042244779                  'Min': -1.0,
2025-04-19 21:28:28.042245230                  'Max': 1.0
2025-04-19 21:28:28.042245671              }
2025-04-19 21:28:28.042246100          }
2025-04-19 21:28:28.042246542      },
2025-04-19 21:28:28.042247027      'ZoomLimits': {
2025-04-19 21:28:28.042247445          'Range': {
2025-04-19 21:28:28.042247983              'URI': 'http://www.onvif.org/ver10/tptz/ZoomSpaces/PositionGenericSpace',
2025-04-19 21:28:28.042248433              'XRange': {
2025-04-19 21:28:28.042248895                  'Min': 0.0,
2025-04-19 21:28:28.042249364                  'Max': 0.499949992
2025-04-19 21:28:28.042249823              }
2025-04-19 21:28:28.042250256          }
2025-04-19 21:28:28.042250705      },
2025-04-19 21:28:28.042251177      'Extension': None,
2025-04-19 21:28:28.042251620      'token': '0',
2025-04-19 21:28:28.042252031      '_attr_1': {
2025-04-19 21:28:28.042252457  }
2025-04-19 21:28:28.042252899  }
2025-04-19 21:28:28.080410120  [2025-04-19 15:28:28] frigate.ptz.onvif              DEBUG   : Onvif config for north_ptz: {
2025-04-19 21:28:28.080418075      'Spaces': {
2025-04-19 21:28:28.080422124          'AbsolutePanTiltPositionSpace': [
2025-04-19 21:28:28.080425296              {
2025-04-19 21:28:28.080428625                  'URI': 'http://www.onvif.org/ver10/tptz/PanTiltSpaces/PositionGenericSpace',
2025-04-19 21:28:28.080431376                  'XRange': {
2025-04-19 21:28:28.080435219                      'Min': -1.0,
2025-04-19 21:28:28.080435946                      'Max': 1.0
2025-04-19 21:28:28.080436363                  },
2025-04-19 21:28:28.080436893                  'YRange': {
2025-04-19 21:28:28.080437324                      'Min': -1.0,
2025-04-19 21:28:28.080437824                      'Max': 1.0
2025-04-19 21:28:28.080438281                  }
2025-04-19 21:28:28.080438693              },
2025-04-19 21:28:28.080439231              {
2025-04-19 21:28:28.080439780                  'URI': 'http://www.onvif.org/ver10/tptz/PanTiltSpaces/SphericalPositionSpaceDegrees',
2025-04-19 21:28:28.080440277                  'XRange': {
2025-04-19 21:28:28.080440744                      'Min': -180.0,
2025-04-19 21:28:28.080441225                      'Max': 180.0
2025-04-19 21:28:28.080441722                  },
2025-04-19 21:28:28.080442190                  'YRange': {
2025-04-19 21:28:28.080442657                      'Min': -90.0,
2025-04-19 21:28:28.080443179                      'Max': 20.0
2025-04-19 21:28:28.080443647                  }
2025-04-19 21:28:28.080444101              }
2025-04-19 21:28:28.080444533          ],
2025-04-19 21:28:28.080445015          'AbsoluteZoomPositionSpace': [
2025-04-19 21:28:28.080445480              {
2025-04-19 21:28:28.080446054                  'URI': 'http://www.onvif.org/ver10/tptz/ZoomSpaces/PositionGenericSpace',
2025-04-19 21:28:28.080446551                  'XRange': {
2025-04-19 21:28:28.080446984                      'Min': 0.0,
2025-04-19 21:28:28.080447463                      'Max': 1.0
2025-04-19 21:28:28.080447922                  }
2025-04-19 21:28:28.080448354              }
2025-04-19 21:28:28.080448814          ],
2025-04-19 21:28:28.080449305          'RelativePanTiltTranslationSpace': [
2025-04-19 21:28:28.080449736              {
2025-04-19 21:28:28.080450279                  'URI': 'http://www.onvif.org/ver10/tptz/PanTiltSpaces/TranslationGenericSpace',
2025-04-19 21:28:28.080450733                  'XRange': {
2025-04-19 21:28:28.080451153                      'Min': -1.0,
2025-04-19 21:28:28.080451612                      'Max': 1.0
2025-04-19 21:28:28.080452152                  },
2025-04-19 21:28:28.080452605                  'YRange': {
2025-04-19 21:28:28.080453097                      'Min': -1.0,
2025-04-19 21:28:28.080453578                      'Max': 1.0
2025-04-19 21:28:28.080454029                  }
2025-04-19 21:28:28.080454483              },
2025-04-19 21:28:28.080454923              {
2025-04-19 21:28:28.080455497                  'URI': 'http://www.onvif.org/ver10/tptz/PanTiltSpaces/SphericalTranslationSpaceDegrees',
2025-04-19 21:28:28.080455932                  'XRange': {
2025-04-19 21:28:28.080456365                      'Min': -360.0,
2025-04-19 21:28:28.080456826                      'Max': 360.0
2025-04-19 21:28:28.080457297                  },
2025-04-19 21:28:28.080457757                  'YRange': {
2025-04-19 21:28:28.080458222                      'Min': -360.0,
2025-04-19 21:28:28.080458695                      'Max': 360.0
2025-04-19 21:28:28.080459136                  }
2025-04-19 21:28:28.080459602              },
2025-04-19 21:28:28.080460038              {
2025-04-19 21:28:28.080460595                  'URI': 'http://www.onvif.org/ver10/tptz/PanTiltSpaces/TranslationSpaceFov',
2025-04-19 21:28:28.080461005                  'XRange': {
2025-04-19 21:28:28.080461480                      'Min': -1.0,
2025-04-19 21:28:28.080461953                      'Max': 1.0
2025-04-19 21:28:28.080462411                  },
2025-04-19 21:28:28.080462880                  'YRange': {
2025-04-19 21:28:28.080463351                      'Min': -1.0,
2025-04-19 21:28:28.080463796                      'Max': 1.0
2025-04-19 21:28:28.080464224                  }
2025-04-19 21:28:28.080464667              }
2025-04-19 21:28:28.080465080          ],
2025-04-19 21:28:28.080465561          'RelativeZoomTranslationSpace': [
2025-04-19 21:28:28.080465992              {
2025-04-19 21:28:28.080466503                  'URI': 'http://www.onvif.org/ver10/tptz/ZoomSpaces/TranslationGenericSpace',
2025-04-19 21:28:28.080466960                  'XRange': {
2025-04-19 21:28:28.080467402                      'Min': -1.0,
2025-04-19 21:28:28.080467891                      'Max': 1.0
2025-04-19 21:28:28.080468326                  }
2025-04-19 21:28:28.080468762              }
2025-04-19 21:28:28.080469219          ],
2025-04-19 21:28:28.080469672          'ContinuousPanTiltVelocitySpace': [
2025-04-19 21:28:28.080470137              {
2025-04-19 21:28:28.080470685                  'URI': 'http://www.onvif.org/ver10/tptz/PanTiltSpaces/VelocityGenericSpace',
2025-04-19 21:28:28.080471136                  'XRange': {
2025-04-19 21:28:28.080471587                      'Min': -1.0,
2025-04-19 21:28:28.080472024                      'Max': 1.0
2025-04-19 21:28:28.080472456                  },
2025-04-19 21:28:28.080472909                  'YRange': {
2025-04-19 21:28:28.080473337                      'Min': -1.0,
2025-04-19 21:28:28.080473806                      'Max': 1.0
2025-04-19 21:28:28.080474236                  }
2025-04-19 21:28:28.080474668              }
2025-04-19 21:28:28.080475120          ],
2025-04-19 21:28:28.080475555          'ContinuousZoomVelocitySpace': [
2025-04-19 21:28:28.080475997              {
2025-04-19 21:28:28.080476569                  'URI': 'http://www.onvif.org/ver10/tptz/ZoomSpaces/VelocityGenericSpace',
2025-04-19 21:28:28.080477029                  'XRange': {
2025-04-19 21:28:28.080477462                      'Min': -1.0,
2025-04-19 21:28:28.080477929                      'Max': 1.0
2025-04-19 21:28:28.080478360                  }
2025-04-19 21:28:28.080478770              }
2025-04-19 21:28:28.080479234          ],
2025-04-19 21:28:28.080479697          'PanTiltSpeedSpace': [
2025-04-19 21:28:28.080480106              {
2025-04-19 21:28:28.080480637                  'URI': 'http://www.onvif.org/ver10/tptz/PanTiltSpaces/GenericSpeedSpace',
2025-04-19 21:28:28.080481105                  'XRange': {
2025-04-19 21:28:28.080481567                      'Min': 0.0,
2025-04-19 21:28:28.080482026                      'Max': 1.0
2025-04-19 21:28:28.080482459                  }
2025-04-19 21:28:28.080482900              }
2025-04-19 21:28:28.080483349          ],
2025-04-19 21:28:28.080483823          'ZoomSpeedSpace': [
2025-04-19 21:28:28.080484278              {
2025-04-19 21:28:28.080484779                  'URI': 'http://www.onvif.org/ver10/tptz/ZoomSpaces/ZoomGenericSpeedSpace',
2025-04-19 21:28:28.080485224                  'XRange': {
2025-04-19 21:28:28.080485673                      'Min': 0.0,
2025-04-19 21:28:28.080486144                      'Max': 1.0
2025-04-19 21:28:28.080486545                  }
2025-04-19 21:28:28.080486987              }
2025-04-19 21:28:28.080487383          ],
2025-04-19 21:28:28.080487857          'Extension': None,
2025-04-19 21:28:28.080488289          '_attr_1': None
2025-04-19 21:28:28.080488703      },
2025-04-19 21:28:28.080489163      'PTZTimeout': {
2025-04-19 21:28:28.080489624          'Min': datetime.timedelta(0),
2025-04-19 21:28:28.080490075          'Max': datetime.timedelta(seconds=2147)
2025-04-19 21:28:28.080490528      },
2025-04-19 21:28:28.080491010      '_value_1': None,
2025-04-19 21:28:28.080491468      'PTControlDirection': None,
2025-04-19 21:28:28.080491896      'Extension': None,
2025-04-19 21:28:28.080492349      '_attr_1': None
2025-04-19 21:28:28.080492792  }
2025-04-19 21:28:28.107525811  [2025-04-19 15:28:28] frigate.ptz.onvif              DEBUG   : Onvif status config for north_ptz: {
2025-04-19 21:28:28.107534130      'Position': {
2025-04-19 21:28:28.107538867          'PanTilt': {
2025-04-19 21:28:28.107539460              'x': -0.00949999969,
2025-04-19 21:28:28.107539985              'y': 0.331200004,
2025-04-19 21:28:28.107540525              'space': 'http://www.onvif.org/ver10/tptz/PanTiltSpaces/PositionGenericSpace'
2025-04-19 21:28:28.107541051          },
2025-04-19 21:28:28.107541597          'Zoom': {
2025-04-19 21:28:28.107542057              'x': 0.0,
2025-04-19 21:28:28.107542665              'space': 'http://www.onvif.org/ver10/tptz/ZoomSpaces/PositionGenericSpace'
2025-04-19 21:28:28.107543146          }
2025-04-19 21:28:28.107543693      },
2025-04-19 21:28:28.107544237      'MoveStatus': {
2025-04-19 21:28:28.107544792          'PanTilt': 'IDLE',
2025-04-19 21:28:28.107545307          'Zoom': 'IDLE'
2025-04-19 21:28:28.107545776      },
2025-04-19 21:28:28.107546283      'Error': None,
2025-04-19 21:28:28.107546917      'UtcTime': datetime.datetime(2025, 4, 19, 21, 28, 28, tzinfo=<isodate.tzinfo.Utc object at 0x7feade179f70>),
2025-04-19 21:28:28.107547425      '_value_1': None,
2025-04-19 21:28:28.107547915      '_attr_1': None
2025-04-19 21:28:28.107548376  }
2025-04-19 21:28:28.107548988  [2025-04-19 15:28:28] frigate.ptz.onvif              DEBUG   : north_ptz: Relative move request: {
2025-04-19 21:28:28.107549517      'ProfileToken': 'profile_1_h264',
2025-04-19 21:28:28.107549986      'Translation': None,
2025-04-19 21:28:28.107550473      'Speed': None
2025-04-19 21:28:28.107550944  }
2025-04-19 21:28:28.107551568  [2025-04-19 15:28:28] frigate.ptz.onvif              DEBUG   : north_ptz: Relative move request after setup: {
2025-04-19 21:28:28.107552046      'ProfileToken': 'profile_1_h264',
2025-04-19 21:28:28.107552547      'Translation': {
2025-04-19 21:28:28.107553065          'PanTilt': {
2025-04-19 21:28:28.107553600              'x': -0.00949999969,
2025-04-19 21:28:28.107554103              'y': 0.331200004,
2025-04-19 21:28:28.107554715              'space': 'http://www.onvif.org/ver10/tptz/PanTiltSpaces/TranslationSpaceFov'
2025-04-19 21:28:28.107555177          },
2025-04-19 21:28:28.107555616          'Zoom': {
2025-04-19 21:28:28.107556118              'x': 0.0,
2025-04-19 21:28:28.107556680              'space': 'http://www.onvif.org/ver10/tptz/ZoomSpaces/TranslationGenericSpace'
2025-04-19 21:28:28.107557114          }
2025-04-19 21:28:28.107557557      },
2025-04-19 21:28:28.107558089      'Speed': {
2025-04-19 21:28:28.107558557          'PanTilt': {
2025-04-19 21:28:28.107559044              'x': 1.0,
2025-04-19 21:28:28.107559603              'y': 1.0,
2025-04-19 21:28:28.107560210              'space': 'http://www.onvif.org/ver10/tptz/PanTiltSpaces/GenericSpeedSpace'
2025-04-19 21:28:28.107560711          },
2025-04-19 21:28:28.107561206          'Zoom': {
2025-04-19 21:28:28.107561707              'x': 1.0,
2025-04-19 21:28:28.107562299              'space': 'http://www.onvif.org/ver10/tptz/ZoomSpaces/ZoomGenericSpeedSpace'
2025-04-19 21:28:28.107562767          }
2025-04-19 21:28:28.107563193      }
2025-04-19 21:28:28.107563660  }
2025-04-19 21:28:28.347181820  [2025-04-19 15:28:28] frigate.ptz.onvif              DEBUG   : Onvif service capabilities for north_ptz: {
2025-04-19 21:28:28.347190418      '_value_1': None,
2025-04-19 21:28:28.347194332      'EFlip': None,
2025-04-19 21:28:28.347197433      'Reverse': None,
2025-04-19 21:28:28.347200563      'GetCompatibleConfigurations': True,
2025-04-19 21:28:28.347203644      '_attr_1': {
2025-04-19 21:28:28.347206493          'StatusPosition': 'true',
2025-04-19 21:28:28.347209500          'MoveStatus': 'true'
2025-04-19 21:28:28.347212379      }
2025-04-19 21:28:28.347215250  }
2025-04-19 21:28:28.363327324  [2025-04-19 15:28:28] frigate.ptz.onvif              DEBUG   : north_ptz: Camera zoom level: 0.0
